892420643555336193 8836 39455
892177421306343426 6475 33767
891815181378084864 4296 25427
891689557279858688 8915 42831
891327558926688256 9708 40978
891087950875897856 3237 20538
890971913173991426 2140 12048
890729181411237888 19527 66584
890609185150312448 4396 28169
890240255349198849 7665 32446
890006608113172480 7565 31106
889880896479866881 5108 28194
889665388333682689 8485 38717
889638837579907072 4692 27607
889531135344209921 2302 15321
889278841981685760 5626 25699
888917238123831296 4668 29534
888804989199671297 4524 25998
888554962724278272 3710 20251
887473957103951883 18758 69954
888078434458587136 3625 22130
887705289381826560 5572 30661
887517139158093824 12031 46902
887473957103951883 18758 69954
887343217045368832 10692 34207
887101392804085760 6135 31034
886983233522544640 8019 35741
886736880519319552 3412 12277
886680336477933568 4591 22780
886366144734445568 3289 21466
886258384151887873 6488 28421
886053434075471873 221 3379
885984800019947520 7029 33268
885528943205470208 6630 36569
885517367337512960 2225 15052
830583320585068544 19165 73103
885167619883638784 4522 22285
884925521741709313 19129 78820
884876753390489601 6038 28414
884562892145688576 5074 24701
884441805382717440 5832 27417
883965650754039809 71557 228189
884162670584377345 3095 20709
883838122936631299 3556 22255
883482846933004288 10329 46690
883360690899218434 3799 22908
883117836046086144 6892 37784
882992080364220416 4081 24338
882762694511734784 5081 28793
882627270321602560 6294 28315
882268110199369728 11995 45713
882045870035918850 5155 29831
881906580714921986 3514 24692
881666595344535552 11019 51350
881536004380872706 16539 50290
881268444196462592 5323 23453
880935762899988482 2868 17277
880872448815771648 3952 21657
880465832366813184 6487 28972
880221127280381952 4394 27546
880095782870896641 4501 28056
879862464715927552 3614 22592
879492040517615616 3295 23753
879415818425184262 45604 107734
879376492567855104 3236 17043
878057613040115712 7111 42707
879050749262655488 4887 22960
879008229531029506 2793 19251
878776093423087618 4278 19688
878599868507402241 162 800
878281511006478336 1338 7887
669000397445533696 6919 22042
878281511006478336 1338 7887
878057613040115712 7111 42707
877736472329191424 19896 81347
876850772322988033 82 1897
877556246731214848 3966 23169
877316821321428993 5375 27819
877201837425926144 5822 27649
876838120628539392 3490 21050
876162994446753793 11208 28066
876484053909872640 2495 19076
876120275196170240 4865 28369
875747767867523072 4475 25689
875144289856114688 5109 22333
874413398133547008 30448 79715
875021211251597312 4892 25924
874680097055178752 4821 28342
866334964761202691 15419 54454
874296783580663808 4279 26541
874057562936811520 4106 23043
874012996292530176 10913 35360
868880397819494401 12419 54859
873580283840344065 4108 24729
873213775632977920 1651 7430
873213775632977920 1651 7430
872967104147763200 5628 27896
872820683541237760 3855 14993
872657584259551233 31 716
872620804844003328 3870 21240
872486979161796608 9355 41440
872261713294495745 6600 34952
872122724285648897 8477 35194
871879754684805121 11794 38953
871762521631449091 3639 20704
871515927908634625 3606 20669
841077006473256960 5954 24820
871075758080503809 11948 27269
871032628920680449 3968 23152
870804317367881728 6334 33680
870656317836468226 2793 12759
870374049280663552 27465 84666
870308999962521604 4354 22363
870063196459192321 8779 37634
859196978902773760 32570 94029
869772420881756160 10570 43517
869702957897576449 6670 28994
869596645499047938 3295 16414
869227993411051520 4002 21037
868880397819494401 12419 54859
868552278524837888 2214 10472
868622495443632128 6229 28158
868552278524837888 2214 10472
867900495410671616 4402 24874
867774946302451713 7731 35027
867421006826221569 2671 16673
865013420445368320 134 1909
867051520902168576 8359 33275
866450705531457537 32676 106453
866458718883467265 427 1443
866686824827068416 3703 19988
866450705531457537 32676 106453
866334964761202691 15419 54454
837820167694528512 8872 37132
865718153858494464 5967 26504
865359393868664832 5343 27406
865006731092295680 8149 28963
864873206498414592 9305 33524
864279568663928832 3246 15127
864197398364647424 9547 31307
863907417377173506 4413 21373
863553081350529029 4462 15871
863062471531167744 2657 8903
863432100342583297 5621 24722
863079547188785154 1189 9076
863062471531167744 2657 8903
862831371563274240 5413 19928
862722525377298433 3777 17709
862457590147678208 5330 21377
862096992088072192 24975 77699
806629075125202948 40526 83543
861383897657036800 11447 37584
861288531465048066 4462 17934
861005113778896900 4085 17434
860563773140209665 2312 7836
860914485250469888 878 10576
860563773140209665 2312 7836
860524505164394496 5658 24572
860276583193509888 3718 19069
860184849394610176 6270 17420
761672994376806400 33191 54723
859924526012018688 4320 19946
859851578198683649 3757 16028
859607811541651456 1694 19383
859196978902773760 32570 94029
859074603037188101 14640 35413
839549326359670784 8746 29809
858843525470990336 3741 16223
858471635011153920 5237 22519
858107933456039936 3135 16453
857989990357356544 2787 16869
857746408056729600 11431 35875
857393404942143489 1768 6205
857263160327368704 4894 20951
857061112319234050 182 5468
857029823797047296 4331 19820
844704788403113984 11554 41817
856543823941562368 3108 17061
856526610513747968 2045 12410
856282028240666624 6808 28986
855857318168150016 273 3233
855851453814013952 19085 47647
855656431005061120 3429 16731
855459453768019968 8933 31533
842163532590374912 6509 26473
855122533267460096 50 837
854732716440526848 6644 24095
854482394044301312 7535 30966
854365224396361728 5117 19945
854120357044912130 8230 33759
854010172552949760 3412 17103
853760880890318849 6342 30294
853639147608842240 11173 37014
853299958564483072 3908 16444
831650051525054464 2223 7859
852912242202992640 2022 9597
852672615818899456 2366 15848
852553447878664193 3855 17405
852311364735569921 10893 35174
852226086759018497 7523 21293
852189679701164033 1732 12164
829374341691346946 10638 37898
848289382176100353 23 770
851591660324737024 3804 17232
851464819735769094 7794 25839
851224888060895234 6307 21996
850753642995093505 10275 33199
850380195714523136 2891 13933
850145622816686080 4220 17439
850019790995546112 5420 21856
849776966551130114 8352 32235
833124694597443584 5488 22044
849412302885593088 3458 16971
849336543269576704 2086 12192
849051919805034497 7327 32466
848690551926992896 4786 26971
848324959059550208 5116 26546
848212111729840128 3416 17532
832369877331693569 3629 18705
847971000004354048 479 4698
847962785489326080 5689 25169
847842811428974592 1508 5906
847606175596138505 3754 20118
847251039262605312 4765 21915
847157206088847362 6517 21471
847116187444137987 3555 23003
846874817362120707 4376 21579
846514051647705089 12973 48156
846484798663245829 97 370
846153765933735936 10140 34232
846088479142531073 25596 50421
846042936437604353 3202 17179
845812042753855489 9801 31562
845677943972139009 5328 27018
756288534030475264 14949 28359
845397057150107648 2049 8205
845306882940190720 6005 25104
773308824254029826 8582 25714
844979544864018432 2887 14664
844973813909606400 3594 16286
844704788403113984 11554 41817
844580511645339650 3513 17773
844223788422217728 2437 14688
843856843873095681 5194 23093
843604394117681152 3060 18223
843235543001513987 6804 23187
807106840509214720 56310 106567
842846295480000512 4001 16363
842765311967449089 1435 7284
842535590457499648 3918 19532
842163532590374912 6509 26473
842115215311396866 3361 15134
817423860136083457 17384 38061
841680585030541313 8692 27716
841439858740625411 4134 13696
841311395547250688 12802 24973
841314665196081154 5275 17206
841077006473256960 5954 24820
840632337062862849 1959 9708
667152164079423490 18193 49573
840696689258311684 1107 13306
840632337062862849 1959 9708
840370681858686976 5115 17845
840268004936019968 6451 20837
839990271299457024 2575 14560
839549326359670784 8746 29809
839289919298224128 159 1996
839239871831150596 7368 29529
838948714227998720 4675 12669
838921590096166913 2336 12122
838905980628819968 37 793
783839966405230592 12533 33517
838561493054533637 1491 11844
838476387338051585 5445 24555
820749716845686786 11456 34843
838083903487373313 3549 19107
837820167694528512 8872 37132
837482249356513284 491 4181
837471256429613056 2605 13906
837366284874571778 5960 22946
837110210464448512 2712 17390
837011344666812416 86 1388
836989968035819520 2591 13815
836753516572119041 5193 20917
836677758902222849 2506 13718
836648149003485187 621 7073
817827839487737858 31095 57320
836380477523124226 3315 15962
836260088725786625 4825 23073
836001077879255040 4895 20825
786963064373534720 9257 29567
835574547218894849 4094 19352
835264098648616962 1928 8461
835297930240217089 3366 17786
835264098648616962 1928 8461
835172783151792128 6483 28438
835152434251116546 3420 24456
834931633769889797 1867 11783
834786237630337024 6129 22860
834574053763584002 2866 14928
829501995190984704 12128 34743
834458053273591808 1891 10477
834209720923721728 5437 22490
834167344700198914 4104 17129
834086676934836224 3111 5885
834086379323871233 2501 14237
833863086058651648 2713 14590
833826103416520705 3881 16655
832434358292209665 250 2148
833722901757046785 3622 22494
833479644947025920 2339 16193
833124694597443584 5488 22044
832998151111966721 2503 14494
832766382198566913 44 1460
832757312314028032 4103 18346
832268302944579584 2242 4041
832636094638288896 3195 17312
832397543355072512 2530 13055
832369877331693569 3629 18705
832273440279240704 2653 12330
786709082849828864 7018 20212
793286476301799424 10656 27460
769940425801170949 11037 34781
832032802820481025 4713 13818
831939777352105988 6983 26269
831911600680497154 7402 30231
831670449226514432 2050 11428
831650051525054464 2223 7860
831552930092285952 2614 9838
831322785565769729 1732 10006
831315979191906304 1258 7080
831309418084069378 2768 12767
831262627380748289 2337 13003
830956169170665475 1722 8701
830583320585068544 19165 73103
809220051211603969 6513 22152
830097400375152640 3435 10760
826958653328592898 5722 23654
829861396166877184 2230 13393
829501995190984704 12128 34743
829449946868879360 2315 11476
829374341691346946 10638 37898
829141528400556032 8474 26835
829011960981237760 18498 58008
810254108431155201 3873 16295
828770345708580865 6708 27971
828708714936930305 12795 40075
828650029636317184 1537 10431
828409743546925057 1297 6871
828408677031882754 1464 8368
828381636999917570 2534 13809
828376505180889089 1208 8085
828372645993398273 3321 13701
828046555563323392 3239 12879
828011680017821696 2438 11349
827933404142436356 5949 22082
827653905312006145 3409 16902
827600520311402496 1077 8121
827324948884643840 3483 17426
694669722378485760 13435 25958
827199976799354881 2562 11597
826958653328592898 5722 23654
826848821049180160 11788 40161
809920764300447744 4492 17171
826598365270007810 2695 11070
826476773533745153 4796 20187
826240494070030336 2953 14552
826204788643753985 1068 5340
826115272272650244 3579 17223
825876512159186944 2136 11470
825829644528148480 2835 13971
825535076884762624 19546 56167
825147591692263424 5217 20109
825026590719483904 1475 6984
825026590719483904 1475 6984
795076730285391872 6256 18044
824775126675836928 4037 16431
824663926340194305 1985 11063
824325613288833024 11779 12946
824297048279236611 4435 16554
823966201328046080 2544 9012
823939628516474880 3105 11701
823699002998870016 2760 13774
823581115634085888 3017 14327
823322678127919110 4612 17348
822244816520155136 11339 38682
822975315408461824 3929 19060
822872901745569793 47905 132214
822859134160621569 2609 14517
822489057087389700 7343 20008
822610361945911296 3402 16252
822489057087389700 7343 20008
822462944365645825 17061 31663
822244816520155136 11339 38678
786233965241827333 5527 17086
821886076407029760 2681 12524
780601303617732608 3808 13458
821765923262631936 1892 9282
821522889702862852 2017 8836
782305867769217024 6411 18529
821407182352777218 5024 13015
821149554670182400 2306 9667
821107785811234820 2475 10592
821044531881721856 2617 13965
819227688460238848 7685 25539
820749716845686786 11456 34843
820690176645140481 3694 13467
820314633777061888 645 3691
800141422401830912 2965 17022
820314633777061888 645 3691
820078625395449857 7206 21882
819952236453363712 1359 5904
819952236453363712 1359 5904
819924195358416896 5571 14233
819711362133872643 3583 14851
819588359383371776 2259 10558
819347104292290561 1376 7980
819227688460238848 7685 25539
819004803107983360 42009 95081
819006400881917954 21676 49746
819006400881917954 21676 49746
819004803107983360 42009 95081
818627210458333184 8517 24473
818614493328580609 2964 10915
773547596996571136 7076 24443
818536468981415936 2861 12085
816450570814898180 9321 33822
818259473185828864 2605 12153
818145370475810820 2988 13615
817902080979599361 916 4230
817827839487737858 31095 57321
817777686764523521 3067 11847
817536400337801217 3481 13048
692417313023332352 3898 10216
817423860136083457 17384 38061
817415592588222464 1121 6229
815966073409433600 9836 24959
817171292965273600 2313 9650
817120970343411712 3001 13321
817056546584727552 1912 9488
790946055508652032 5453 18515
816816676327063552 2349 11025
816697700272001025 2525 10856
816450570814898180 9321 33822
816336735214911488 2252 9526
816091915477250048 2488 9878
815990720817401858 1200 5525
732005617171337216 6109 16246
815990720817401858 1200 5525
815966073409433600 9836 24959
791406955684368384 4762 14614
815736392542261248 2605 10893
815639385530101762 1900 9125
815390420867969024 4382 11420
814986499976527872 1499 8441
814638523311648768 3116 12474
698195409219559425 6712 18311
814530161257443328 2141 9599
814153002265309185 10025 31848
790277117346975746 3709 14005
813910438903693312 2178 10288
813812741911748608 16167 40218
813800681631023104 2041 9257
813217897535406080 8430 20689
813202720496779264 2077 10153
813187593374461952 5056 21993
813172488309972993 2225 10339
813157409116065792 2542 8550
813142292504645637 2712 9311
813127251579564032 3626 13177
813112105746448384 3206 11455
813096984823349248 4182 11640
813081950185472002 3197 10947
813066809284972545 2258 8820
813051746834595840 8449 23204
812781120811126785 2182 8338
680055455951884288 8017 18179
812709060537683968 1658 7341
812503143955202048 1419 6759
812466873996607488 2215 8866
812372279581671427 4228 15166
811985624773361665 1639 8065
811744202451197953 1872 8389
811627233043480576 3626 14203
811386762094317568 7395 23198
810984652412424192 1646 5907
810896069567610880 2082 10053
810657578271330305 3040 12140
810284430598270976 13290 39447
810254108431155201 3873 16295
809920764300447744 4492 17171
793962221541933056 5674 18804
809448704142938112 1686 7689
809220051211603969 6513 22152
809084759137812480 4028 14622
808838249661788160 3511 11214
808733504066486276 2498 8765
808501579447930884 2991 12528
801167903437357056 6916 27286
808106460588765185 2513 9668
808001312164028416 4071 13941
807621403335917568 4258 16173
807106840509214720 56310 106567
782969140009107456 8464 26826
807010152071229440 4398 14446
806629075125202948 40526 83543
781524693396357120 6376 23065
806570933175652352 7916 9506
806542213899489280 2745 11316
783334639985389568 13500 32491
806219024703037440 1383 7120
782722598790725632 6190 19161
805932879469572096 2193 9160
805826884734976000 2122 7304
805520635690676224 1898 6339
805487436403003392 2913 9733
805207613751304193 1960 8632
804738756058218496 4459 15248
804417859124273152 17942 25059
784826020293709826 3693 11264
804026241225523202 18770 49549
803773340896923648 3198 11159
691416866452082688 8628 21163
803638050916102144 4800 12209
803380650405482500 2153 8575
767754930266464257 6168 17716
803276597545603072 2865 11152
802952499103731712 2322 10040
777684233540206592 3385 12453
802572683846291456 2906 9922
802323869084381190 6773 18051
802265048156610565 1567 7006
779056095788752897 5196 16424
802239329049477120 3025 10084
800065028116385792 313 2912
801958328846974976 1980 8568
801538201127157760 2373 9097
801285448605831168 955 6752
801167903437357056 6916 27286
775733305207554048 4595 15339
801115127852503040 2413 8962
800751577355128832 3197 11649
800513324630806528 3470 14625
800459316964663297 2476 10491
776113305656188928 5012 13035
800388270626521089 3245 12405
681694085539872773 4552 13943
800141422401830912 2965 17022
800018252395122689 15258 31630
775085132600442880 5441 17207
799757965289017345 2493 9343
799422933579902976 2205 8933
774314403806253056 6412 24074
799297110730567681 3213 11018
799063482566066176 2847 9019
798933969379225600 5170 14655
798925684722855936 1656 8221
740676976021798912 7674 19791
718631497683582976 9047 20601
712809025985978368 7545 20273
701214700881756160 5773 13384
683391852557561860 2685 8306
676936541936185344 5484 13729
675501075957489664 6445 18390
671896809300709376 4487 8948
670444955656130560 2138 7095
667509364010450944 2264 7116
667182792070062081 6581 15030
666104133288665088 6822 14690
771770456517009408 3897 13303
798209839306514432 2945 11495
797971864723324932 3631 12964
797545162159308800 5615 16132
797236660651966464 7684 22252
687317306314240000 10341 21948
796865951799083009 2186 8520
796759840936919040 3548 13216
780931614150983680 8466 24081
796484825502875648 2033 8436
796387464403357696 4823 12273
796149749086875649 16546 36029
796149749086875649 16546 36029
796123679771897856 1830 2650
796116448414461957 2794 10100
796080075804475393 2687 9427
796031486298386433 4269 12008
795464331001561088 27571 55442
795400264262053889 3307 11225
795076730285391872 6256 18044
789530877013393408 3915 13119
794926597468000259 2682 11451
788765914992902144 11937 30581
794332329137291264 3072 10640
794205286408003585 3869 10258
793962221541933056 5674 18804
793845145112371200 2176 10242
791672322847637504 3636 13078
793601777308463104 1898 8877
793500921481273345 2770 11898
793286476301799424 10656 27460
793271401113350145 2748 9645
793256262322548741 9651 22248
793241302385262592 3789 11731
793226087023144960 3320 10956
793210959003287553 3280 9951
793195938047070209 6497 16991
793180763617361921 2305 7703
793165685325201412 3227 10433
793150605191548928 1982 6878
793135492858580992 2882 7177
793120401413079041 4530 14137
792913359805018113 4685 15991
792883833364439040 4943 12602
792773781206999040 1957 8165
792394556390137856 4970 15060
792050063153438720 2077 7992
791672322847637504 3636 13078
791406955684368384 4762 14614
791312159183634433 2944 9795
763837565564780549 4801 13967
790987426131050500 2462 11028
790946055508652032 5453 18515
789986466051088384 2679 10311
790698755171364864 2186 9116
790581949425475584 8110 22380
790337589677002753 2158 8698
790277117346975746 3709 14005
762699858130116608 4161 13454
789986466051088384 2679 10311
762464539388485633 4806 11442
789628658055020548 2063 8401
789599242079838210 2255 7571
789530877013393408 3915 13119
788818328538099712 56750 117882
750719632563142656 5707 14550
789268448748703744 2989 10142
789137962068021249 3219 10822
788908386943430656 14308 30495
788765914992902144 11937 30581
788412144018661376 5932 15993
788178268662984705 2464 8056
788150585577050112 1499 6835
761004547850530816 3929 12413
788039637453406209 1524 6833
787810552592695296 3513 9665
787717603741622272 3215 11361
787397959788929025 3269 12057
787322443945877504 2018 8676
786963064373534720 9257 29567
759447681597108224 2805 9372
786709082849828864 7018 20212
786664955043049472 2977 11895
786595970293370880 3570 10451
786363235746385920 4050 12129
786233965241827333 5527 17086
779834332596887552 8140 21148
785927819176054784 3623 12621
785872687017132033 2108 7445
785639753186217984 2544 8681
785533386513321988 2317 10139
785264754247995392 1896 8098
785170936622350336 5598 13430
784826020293709826 3693 11264
784517518371221505 2938 9995
784431430411685888 1477 6305
783839966405230592 12533 33517
783821107061198850 2258 8176
783695101801398276 3699 11592
783466772167098368 2584 9422
783391753726550016 6380 18803
674291837063053312 6488 15722
783334639985389568 13500 32491
783085703974514689 2537 9060
782969140009107456 8464 26826
782747134529531904 1591 8270
782722598790725632 6190 19161
782598640137187329 2173 8661
782305867769217024 6411 18529
707610948723478529 7190 18462
781955203444699136 3881 12299
781661882474196992 3105 11574
781524693396357120 6376 23065
781251288990355457 2428 9393
781163403222056960 3144 10842
780931614150983680 8466 24081
780858289093574656 2307 8000
780800785462489090 1492 6109
780601303617732608 3808 13458
780543529827336192 2006 6997
742423170473463808 4288 10760
780465709297995776 136 960
780459368902959104 1221 5858
780192070812196864 2567 9671
753375668877008896 2640 8357
779834332596887552 8140 21148
779377524342161408 3579 9788
679462823135686656 21160 34701
779123168116150273 4185 13135
779056095788752897 5196 16424
778990705243029504 8364 22254
778748913645780993 1547 7678
778650543019483137 1710 6414
778624900596654080 1163 5166
778408200802557953 4980 15070
703041949650034688 14069 28852
778383385161035776 1264 6495
778286810187399168 3799 11524
778039087836069888 3035 9382
778027034220126208 1866 7285
768193404517830656 4043 12093
777885040357281792 1880 7049
777684233540206592 3385 12453
750429297815552001 4913 14494
777621514455814149 2878 9708
777189768882946048 4960 15840
679828447187857408 15725 39529
776813020089548800 1392 5413
776477788987613185 3217 9819
700747788515020802 10576 24998
776218204058357768 18322 33189
776201521193218049 2887 10625
776113305656188928 5012 13035
776088319444877312 177 2034
733109485275860992 17504 44427
775842724423557120 3076 12978
775733305207554048 4595 15339
775729183532220416 5255 14282
775364825476165632 3441 8257
740373189193256964 15011 37698
775085132600442880 5441 17207
774757898236878852 2018 9420
774639387460112384 1999 7462
774314403806253056 6412 24074
773985732834758656 4448 11860
773922284943896577 1977 7068
773704687002451968 1868 7279
773670353721753600 1487 5908
773547596996571136 7076 24443
771380798096281600 5852 11683
773308824254029826 8582 25714
773247561583001600 3666 10354
773191612633579521 4703 11064
772877495989305348 4457 9510
772826264096874500 2652 8817
765222098633691136 3875 12831
772581559778025472 1952 7162
772193107915964416 1594 6637
772152991789019136 1292 4163
772117678702071809 843 4150
772114945936949249 544 2991
772102971039580160 1060 4433
771905568600719360 511 1249
771770456517009408 3897 13303
771500966810099713 2990 9135
771380798096281600 5852 11683
673320132811366400 8647 14362
771136648247640064 3335 10174
771102124360998913 1646 6865
771014301343748096 1766 6991
771002130450743296 252 2398
770787852854652928 1404 5471
770772759874076672 1609 5727
739238157791694849 52042 74812
770655142660169732 1998 8085
770414278348247044 2366 6957
770293558247038976 1699 6890
741067306818797568 3488 10295
770069151037685760 2629 8345
769940425801170949 11037 34781
769695466921623552 1909 7069
769212283578875904 1953 5960
768970937022709760 7490 15949
700143752053182464 3099 8229
768855141948723200 1026 4638
768609597686943744 1377 4557
768596291618299904 1462 5557
739979191639244800 6668 21807
768473857036525572 3925 15024
768193404517830656 4043 12093
767884188863397888 1616 5276
767754930266464257 6168 17716
767500508068192258 2668 8250
767191397493538821 4368 13566
767122157629476866 3241 11176
759923798737051648 6475 16209
766793450729734144 1555 5619
766693177336135680 911 4463
766423258543644672 1809 6644
766313316352462849 2152 7465
725842289046749185 2954 7655
766069199026450432 997 4729
766008592277377025 567 4119
765719909049503744 2457 7985
765669560888528897 1400 5721
765395769549590528 3110 20454
765371061932261376 2457 7810
765222098633691136 3875 12831
764857477905154048 2015 7071
764259802650378240 1731 6680
763837565564780549 4801 13967
763183847194451968 1689 5970
673295268553605120 3469 7995
763103485927849985 2585 8116
762699858130116608 4161 13454
762471784394268675 7536 12510
762464539388485633 4806 11442
762316489655476224 1287 5335
762035686371364864 17793 35228
761976711479193600 2296 5959
685325112850124800 4506 10404
761745352076779520 975 4687
761672994376806400 33191 54723
761599872357261312 1329 4554
711694788429553666 20370 35663
761334018830917632 1654 5760
761292947749015552 1254 4936
761227390836215808 1763 5880
761004547850530816 3929 12413
760893934457552897 1099 4210
760656994973933572 2194 7303
760641137271070720 1475 5449
760539183865880579 4139 8351
760290219849637889 13057 29480
760252756032651264 989 4323
760190180481531904 2065 6296
759923798737051648 6475 16209
759846353224826880 2255 7393
759793422261743616 2162 6582
739544079319588864 24163 43476
759557299618865152 1337 5180
759447681597108224 2805 9372
759167558763196416 313 283
759197388317847553 2207 6696
670319130621435904 1346 4084
759099523532779520 4785 16027
759047813560868866 2290 7202
758854675097526272 1021 3891
758828659922702336 4348 12312
758474966123810816 1125 4203
758467244762497024 2514 5294
758405701903519748 2188 5731
758355060040593408 1238 3781
758041019896193024 431 2984
757741869644341248 3688 7577
679062614270468097 9237 18621
757725642876129280 1382 4994
757611664640446465 1264 5006
757597141099548672 331 1604
757596066325864448 1206 4784
757400162377592832 7706 16673
757393109802180609 1990 6433
757354760399941633 1622 4970
756998049151549440 2258 6898
756939218950160384 2281 7303
756651752796094464 1501 5581
756526248105566208 4135 11457
756303284449767430 1222 4340
756288534030475264 14949 28359
756275833623502848 1731 7080
755955933503782912 3272 8064
755206590534418437 6112 18125
755110668769038337 12537 23343
679158373988876288 9130 23451
754856583969079297 2854 7571
754747087846248448 588 2837
754482103782404096 2207 5821
754449512966619136 837 4127
754120377874386944 2654 8626
754011816964026368 4063 9677
753655901052166144 2477 6420
753420520834629632 4041 8682
753398408988139520 2171 6358
753375668877008896 2640 8357
681523177663676416 6568 15665
753294487569522689 1181 3738
753026973505581056 1102 4254
752917284578922496 1778 7543
752682090207055872 1828 6613
752660715232722944 1782 4859
752519690950500352 3891 8113
752334515931054080 1256 4210
675354435921575936 18873 35059
752173152931807232 2095 6549
751937170840121344 1514 5744
751830394383790080 2209 6392
751598357617971201 3417 8655
751583847268179968 1256 4831
751538714308972544 1436 5524
751456908746354688 1120 3496
751251247299190784 6655 13708
751205363882532864 2071 6915
751132876104687617 1475 5591
750868782890057730 1583 5280
750719632563142656 5707 14550
750506206503038976 1309 4903
750429297815552001 4913 14494
750383411068534784 1299 4982
750147208377409536 1091 3396
750132105863102464 1429 3973
750117059602808832 1454 4719
750101899009982464 953 3332
750086836815486976 612 2373
750071704093859840 3777 8617
750056684286914561 1005 3425
750041628174217216 701 3476
750026558547456000 884 2972
750011400160841729 1029 3550
749996283729883136 911 3316
749981277374128128 2764 5591
749774190421639168 1488 5086
749417653287129088 1886 6687
749403093750648834 614 2878
749395845976588288 3923 9441
749317047558017024 2495 6034
749064354620928000 1706 5254
749036806121881602 893 3410
748977405889503236 3746 11187
748932637671223296 2553 6426
748705597323898880 1059 3027
748699167502000129 1808 5188
748692773788876800 1495 4631
748575535303884801 2256 6654
748568946752774144 771 2396
748346686624440324 1403 5709
748324050481647620 865 4056
748307329658011649 805 4007
747963614829678593 2433 6352
747933425676525569 2878 7264
747885874273214464 1111 3218
747844099428986880 844 3068
747816857231626240 1309 5314
747600769478692864 615 2534
747594051852075008 1198 4038
747512671126323200 1793 6082
747461612269887489 1164 4233
704761120771465216 3242 7234
747219827526344708 1779 5758
747204161125646336 1030 3703
747103485104099331 4521 10493
746906459439529985 334 3154
746872823977771008 2415 6552
746818907684614144 1932 5778
746790600704425984 1800 5319
746726898085036033 2027 6615
667866724293877760 1103 3154
746507379341139972 1220 5068
746369468511756288 1843 6608
746131877086527488 2487 7536
746056683365994496 927 3881
745789745784041472 1203 4410
745712589599014916 2624 7618
745433870967832576 2869 7775
745422732645535745 2753 9360
745314880350101504 3112 7827
745057283344719872 2566 7904
744995568523612160 706 3262
744971049620602880 3022 8605
744709971296780288 1754 6121
744334592493166593 2400 7403
744234799360020481 79033 130462
672108316018024452 2952 5064
743980027717509120 1227 4527
743895849529389061 1078 3971
667138269671505920 2367 4824
743609206067040256 1553 4887
743595368194129920 7395 20176
743545585370791937 1057 3845
743510151680958465 4162 8622
743253157753532416 1359 4599
743222593470234624 2150 6758
743210557239623680 1542 4189
742528092657332225 2232 4855
742465774154047488 4356 7884
742423170473463808 4288 10760
742385895052087300 2249 7429
742161199639494656 1536 4722
742150209887731712 1768 5621
741793263812808706 1691 4956
741743634094141440 3118 8906
741438259667034112 935 4002
741303864243200000 3628 9589
741067306818797568 3488 10295
740995100998766593 3128 6977
740711788199743490 1058 3721
740699697422163968 884 3084
740676976021798912 7674 19791
740373189193256964 15011 37698
740365076218183684 487 2714
740359016048689152 959 3598
740214038584557568 2207 7294
739979191639244800 6668 21807
739932936087216128 1211 4422
739844404073074688 958 4122
739606147276148736 1866 5877
739544079319588864 24163 43476
739485634323156992 3295 7843
739238157791694849 52042 74812
738885046782832640 1273 4110
738883359779196928 913 3651
738537504001953792 1750 5549
738402415918125056 948 3579
738184450748633089 1354 4700
738166403467907072 3813 9587
738156290900254721 742 2755
737826014890496000 2000 5728
737800304142471168 3882 10897
737678689543020544 1505 5499
737445876994609152 5017 11247
737322739594330112 901 3934
737310737551491075 8291 15975
736736130620620800 1957 4708
736365877722001409 1401 4350
736225175608430592 3096 8855
736010884653420544 3332 8600
735991953473572864 1279 3919
735648611367784448 1228 4381
735635087207878657 2645 6746
735274964362878976 4674 9573
735256018284875776 985 3654
735137028879360001 1089 3410
734912297295085568 571 2973
734787690684657664 7061 13665
734776360183431168 606 2727
733828123016450049 872 3908
733822306246479872 1135 4001
733482008106668032 1059 3427
733460102733135873 1440 4587
733109485275860992 17504 44427
732732193018155009 597 2657
732726085725589504 997 3835
732585889486888962 861 4001
732375214819057664 2820 8783
732005617171337216 6109 16246
731285275100512256 1086 3785
731156023742988288 1424 4173
730924654643314689 2221 6648
730573383004487680 2418 5370
730427201120833536 1169 3780
730211855403241472 1177 4155
730196704625098752 2157 5310
729854734790754305 1254 4375
729838605770891264 426 1847
729823566028484608 1383 4336
729463711119904772 2572 6316
729113531270991872 367 2045
728986383096946689 909 3439
728760639972315136 1900 5064
728751179681943552 754 3019
728653952833728512 1166 3604
728409960103686147 2256 5351
728387165835677696 1071 3977
728046963732717569 1315 4692
728035342121635841 1863 4926
728015554473250816 1214 4451
727685679342333952 715 3189
727644517743104000 1951 6397
727524757080539137 1372 4868
727314416056803329 831 3604
727286334147182592 917 3308
727175381690781696 1538 4190
726935089318363137 2731 7469
726887082820554753 1670 4172
726828223124897792 1121 3863
726224900189511680 1294 4785
725842289046749185 2954 7655
725786712245440512 1518 4506
725729321944506368 1993 5624
725136065078521856 4444 5037
724983749226668032 1454 4012
724771698126512129 717 2575
724405726123311104 1835 5767
724049859469295616 1975 4709
724046343203856385 617 2888
724004602748780546 1782 4533
723912936180330496 1367 4219
723688335806480385 3325 8402
723673163800948736 1003 3275
723179728551723008 2098 5730
722974582966214656 1749 4464
722613351520608256 1823 5366
721503162398597120 2115 5056
721001180231503872 685 2729
720785406564900865 861 3382
720775346191278080 753 2685
720415127506415616 1667 4479
720389942216527872 2819 6947
720340705894408192 1091 3113
720059472081784833 1261 4210
720043174954147842 2236 5306
719991154352222208 1965 5247
719704490224398336 1626 4946
719551379208073216 2174 5492
719367763014393856 821 3004
719339463458033665 1390 4786
719332531645071360 1069 3687
718971898235854848 1222 3788
718939241951195136 1961 5685
718631497683582976 9047 20601
718613305783398402 538 2650
718540630683709445 1128 2715
718460005985447936 596 2833
718454725339934721 1678 5282
718246886998687744 561 2094
718234618122661888 1118 4198
717841801130979328 666 2644
717790033953034240 1263 3147
717537687239008257 2057 6253
717421804990701568 942 3423
717047459982213120 2126 6792
717009362452090881 1097 3555
716802964044845056 1310 4605
716791146589110272 1471 5186
716637124322177024 2788 3306
716439118184652801 246 2559
716285507865542656 1217 3023
716080869887381504 1924 5250
715928423106027520 983 3465
715733265223708672 1906 5066
715696743237730304 1443 4233
715680795826982913 1806 4692
715360349751484417 1759 5916
715342466308784130 766 3279
715220193576927233 734 2615
715200624753819648 2096 5557
715009755312439296 1389 4528
714982300363173890 1161 4073
714957620017307648 1587 4482
714631576617938945 1115 3552
714606013974974464 1034 3923
714258258790387713 805 3261
714251586676113411 938 3551
714214115368108032 985 2467
714141408463036416 1558 4652
713919462244790272 867 3542
713900603437621249 826 3045
713761197720473600 1536 5283
713411074226274305 1431 4771
713177543487135744 3163 7813
713175907180089344 1621 4827
712809025985978368 7545 20273
712717840512598017 5583 13393
712668654853337088 1361 4505
712438159032893441 1742 5770
709919141004595201 135 571
712097430750289920 1162 4118
712092745624633345 1011 3190
712085617388212225 553 3512
712065007010385924 698 2440
711998279773347841 138 975
711968124745228288 2581 8733
711743778164514816 1097 3084
711732680602345472 4615 9708
711694788429553666 20370 35663
711652651650457602 1031 4207
711363825979756544 1281 3978
711306686208872448 812 3578
711008018775851008 703 3251
710997087345876993 1552 4939
710844581445812225 774 2764
710833117892898816 603 2925
710658690886586372 632 2513
710588934686908417 2095 4940
710283270106132480 578 2298
710272297844797440 1413 4906
710269109699739648 1255 2594
710153181850935296 1001 3139
710140971284037632 998 3002
710117014656950272 2221 5971
709918798883774466 1206 3231
709901256215666688 110 728
709852847387627521 1327 3800
709566166965075968 1361 3837
709556954897764353 1195 3568
709519240576036864 275 1613
709449600415961088 662 2413
709409458133323776 781 2838
709225125749587968 642 2600
709207347839836162 6526 13669
709198395643068416 716 2623
709158332880297985 469 2223
709042156699303936 1853 5172
708845821941387268 1007 3214
708834316713893888 566 1845
708810915978854401 7792 17956
708738143638450176 910 2980
708711088997666817 827 2773
708479650088034305 759 2752
708469915515297792 920 3345
708356463048204288 1510 3905
708349470027751425 828 2549
708149363256774660 1721 4634
708130923141795840 935 3683
708119489313951744 1099 2924
708109389455101952 605 2107
708026248782585858 2157 4769
707995814724026368 1268 3365
707969809498152960 1088 2931
707776935007539200 1070 3567
707741517457260545 690 2705
707693576495472641 1119 3738
707610948723478529 7190 18462
707420581654872064 785 2481
707411934438625280 669 2474
707387676719185920 1475 3821
707377100785885184 1205 3584
707315916783140866 722 2687
707297311098011648 900 3005
707059547140169728 752 2785
707038192327901184 896 2391
707021089608753152 1533 4418
707014260413456384 659 2493
706901761596989440 676 2253
706681918348251136 1089 3605
706644897839910912 1220 2803
706593038911545345 715 2347
706538006853918722 1573 3753
706516534877929472 1146 3386
706346369204748288 1030 3751
706310011488698368 8973 23344
706291001778950144 519 1848
706265994973601792 1022 2960
706165920809492480 3068 3017
706166467411222528 1809 5600
705975130514706432 834 3384
705970349788291072 1004 3425
705898680587526145 637 2580
705786532653883392 592 2123
705591895322394625 1299 3452
705475953783398401 1040 3220
705442520700944385 1849 4857
705428427625635840 1921 4170
705239209544720384 844 3270
705223444686888960 898 2816
705102439679201280 579 2338
705066031337840642 679 2361
704871453724954624 1245 4591
704859558691414016 608 2452
704847917308362754 1717 5569
704819833553219584 1127 2885
704761120771465216 3242 7234
704499785726889984 1116 3198
704480331685040129 1190 3706
704364645503647744 3968 8759
704347321748819968 390 1722
704113298707505153 628 2022
704054845121142784 1022 3190
703774238772166656 522 2013
703769065844768768 1266 3605
703631701117943808 766 2838
703611486317502464 1697 4209
703425003149250560 1552 4153
703407252292673536 778 2674
703382836347330562 1277 3818
703356393781329922 429 2076
703268521220972544 617 2144
703079050210877440 3476 8036
703041949650034688 14069 28852
702932127499816960 809 2810
702684942141153280 1210 3509
702671118226825216 632 2389
702598099714314240 3690 11274
702539513671897089 1083 3122
702321140488925184 1150 3586
702276748847800320 854 2695
702217446468493312 1515 5244
701981390485725185 1102 3735
701952816642965504 1143 4144
701889187134500865 1547 3884
701601587219795968 521 2276
701570477911896070 1048 3065
701545186879471618 678 2889
701214700881756160 5773 13384
700890391244103680 649 2423
700864154249383937 682 2816
700847567345688576 554 2631
700796979434098688 1079 2658
700747788515020802 10576 24998
700518061187723268 909 2873
700505138482569216 642 2474
700462010979500032 2016 4519
700167517596164096 832 2888
700151421916807169 750 2441
700143752053182464 3099 8229
700062718104104960 774 2879
700029284593901568 655 2252
700002074055016451 1521 3612
699801817392291840 1083 3327
699788877217865730 554 2452
699779630832685056 1391 3025
699775878809702401 685 2130
699691744225525762 5143 11201
699446877801091073 2924 6478
699434518667751424 573 2375
699423671849451520 379 1497
699413908797464576 687 2249
699370870310113280 494 2050
699323444782047232 977 3447
699088579889332224 710 2441
699079609774645248 738 2669
699072405256409088 1316 3272
699036661657767936 1335 2849
698989035503689728 1107 3690
698953797952008193 1011 2956
698907974262222848 694 2773
698710712454139905 770 2700
698703483621523456 425 1598
698635131305795584 383 1394
698549713696649216 697 2521
698355670425473025 510 2035
698342080612007937 1067 2473
698262614669991936 2257 5182
698195409219559425 6712 18311
698178924120031232 824 3070
697995514407682048 369 1658
697990423684476929 1447 3586
697943111201378304 774 2622
697881462549430272 1330 3290
697616773278015490 1137 3447
697596423848730625 1419 3296
697575480820686848 569 2241
697482927769255936 762 2647
697463031882764288 1546 3727
697270446429966336 2078 5094
697259378236399616 1125 3594
697255105972801536 1309 3296
697242256848379904 748 2735
696900204696625153 1150 3478
696894894812565505 756 2576
696886256886657024 2000 5284
696877980375769088 796 2674
696754882863349760 396 1603
696713835009417216 752 2600
696488710901260288 1160 2779
696405997980676096 1280 3514
695816827381944320 1313 3272
695794761660297217 877 3475
695767669421768709 848 2043
695629776980148225 2362 4988
695446424020918272 2015 4763
695409464418041856 3995 9408
695314793360662529 1662 3992
695095422348574720 680 2873
695074328191332352 1231 3097
695064344191721472 677 1759
695051054296211456 881 2905
694905863685980160 1048 3028
694669722378485760 13435 25958
694356675654983680 325 1640
694352839993344000 696 2231
694329668942569472 565 2189
694206574471057408 2285 4571
694183373896572928 1036 3214
694001791655137281 1172 3689
693942351086120961 413 1887
693647888581312512 668 2942
693642232151285760 467 2774
693629975228977152 888 2671
693622659251335168 421 1681
693590843962331137 2217 5537
693486665285931008 694 1932
693280720173801472 1396 3652
693262851218264065 566 2440
693231807727280129 835 3112
693155686491000832 3604 8622
693109034023534592 692 1878
693095443459342336 521 2047
692919143163629568 834 2910
692905862751522816 994 2666
692901601640583168 679 1959
692894228850999298 906 2502
692828166163931137 993 3138
692752401762250755 4100 7463
692568918515392513 1728 4714
692535307825213440 1520 3486
692530551048294401 471 2011
692417313023332352 3898 10216
692187005137076224 923 2754
692158366030913536 896 2355
692142790915014657 437 1789
692017291282812928 1076 3135
691820333922455552 1847 4298
691756958957883396 1154 3164
691675652215414786 573 2104
691483041324204033 652 2594
691459709405118465 1289 4433
691444869282295808 946 2879
691416866452082688 8628 21163
691321916024623104 743 2812
691096613310316544 1016 3242
691090071332753408 384 1858
690959652130045952 1414 3895
690938899477221376 2230 4513
690932576555528194 1140 3591
690735892932222976 1437 4109
690728923253055490 596 2372
690690673629138944 893 2529
690649993829576704 320 1425
690597161306841088 679 2155
690400367696297985 509 2035
690374419777196032 968 3543
690360449368465409 1003 2911
690248561355657216 474 1832
690021994562220032 1172 3050
690015576308211712 826 2731
690005060500217858 1895 3993
689999384604450816 422 1557
689977555533848577 498 1485
689905486972461056 785 2644
689877686181715968 1334 3298
689835978131935233 844 2354
689661964914655233 1040 3484
689659372465688576 4383 11348
689623661272240129 745 2451
689599056876867584 6210 12723
689557536375177216 516 2245
689517482558820352 1605 3715
689289219123089408 1052 2461
689283819090870273 1244 3604
689280876073582592 813 2189
689275259254616065 283 1264
689154315265683456 1123 3334
689143371370250240 578 2222
688916208532455424 979 2989
688908934925697024 868 2300
688898160958271489 884 2298
688894073864884227 787 2444
688828561667567616 420 1502
688804835492233216 224 1038
688789766343622656 747 2421
688547210804498433 789 2845
688519176466644993 820 2510
688385280030670848 5000 10144
688211956440801280 935 2414
688179443353796608 668 2316
688116655151435777 883 3081
688064179421470721 407 1873
687826841265172480 1278 2974
687818504314159109 1076 2748
687807801670897665 798 2616
687704180304273409 950 2651
687664829264453632 575 2114
687494652870668288 653 2096
687480748861947905 280 1750
687476254459715584 613 2174
687460506001633280 610 2231
687317306314240000 10341 21949
687312378585812992 2138 4754
687127927494963200 2572 5975
687124485711986689 569 2359
687109925361856513 2787 6336
687102708889812993 1114 2558
687096057537363968 690 2444
686947101016735744 3564 9384
686749460672679938 1656 3796
686730991906516992 1342 4527
686683045143953408 905 3053
686618349602762752 1533 4018
686606069955735556 606 2061
686386521809772549 992 3538
686377065986265092 636 2425
686358356425093120 771 2391
686050296934563840 832 2409
686034024800862208 1320 3404
686007916130873345 471 2696
686003207160610816 728 1998
685973236358713344 605 2308
685943807276412928 691 1792
685906723014619143 3280 8228
685667379192414208 661 2560
685663452032069632 1650 3546
685641971164143616 880 3195
685547936038666240 17631 35967
685532292383666176 1293 3323
685325112850124800 4506 10404
685321586178670592 733 2899
685315239903100929 1225 3658
685307451701334016 493 2251
685268753634967552 1362 3399
685198997565345792 758 2549
685169283572338688 1613 4472
684959798585110529 3543 7272
684940049151070208 1184 3508
684926975086034944 547 3835
684914660081053696 1653 3826
684902183876321280 603 2041
684880619965411328 929 2290
684800227459624960 1114 2960
684594889858887680 3990 9794
684567543613382656 1410 3284
684538444857667585 1080 2901
684481074559381504 1315 4231
684460069371654144 626 2163
684241637099323392 3706 8948
684225744407494656 239 1358
684222868335505415 1554 4197
684200372118904832 1165 2372
684195085588783105 592 2092
684188786104872960 1336 3806
684177701129875456 761 2204
684122891630342144 534 2165
684097758874210310 1614 4490
683857920510050305 1259 4142
683852578183077888 395 2097
683849932751646720 1108 2874
683834909291606017 1255 2864
683828599284170753 1186 3034
683773439333797890 1524 3660
683742671509258241 3753 7132
683498322573824003 1087 3451
683481228088049664 1111 2865
683462770029932544 759 2671
683449695444799489 1817 4263
683391852557561860 2685 8307
683357973142474752 1058 3220
683142553609318400 1169 3148
683111407806746624 1029 3720
683098815881154561 731 2347
683078886620553216 630 2163
683030066213818368 824 2360
682962037429899265 18819 40075
682788441537560576 1252 2691
682750546109968385 491 1664
682697186228989953 396 1434
682662431982772225 1201 3312
682638830361513985 672 2253
682429480204398592 1311 3750
682406705142087680 2000 8278
682393905736888321 769 2426
682389078323662849 516 1819
682303737705140231 1131 3371
682259524040966145 1371 4552
682242692827447297 1335 3549
682059653698686977 1905 5415
682047327939461121 1082 3513
682032003584274432 2275 7189
682003177596559360 1715 3443
681981167097122816 1155 3022
681891461017812993 946 2690
681694085539872773 4552 13944
681679526984871937 498 1914
681654059175129088 1039 2891
681610798867845120 529 2089
681579835668455424 1480 3868
681523177663676416 6568 15665
681339448655802368 4569 10146
681320187870711809 857 2903
681302363064414209 2061 4322
681297372102656000 1084 3471
681281657291280384 1249 3502
681261549936340994 308 1585
681242418453299201 617 1637
681231109724700672 538 2611
681193455364796417 1678 4049
680970795137544192 743 2648
680959110691590145 2236 4971
680940246314430465 1216 3525
680934982542561280 493 2269
680913438424612864 701 2597
680889648562991104 415 1936
680836378243002368 1500 3742
680801747103793152 922 2584
680798457301471234 1177 3116
680609293079592961 811 2881
680583894916304897 1509 3926
680497766108381184 2147 4618
680494726643068929 541 1870
680473011644985345 839 2769
680440374763077632 558 1579
680221482581123072 328 1589
680206703334408192 1311 3093
680191257256136705 572 2336
680176173301628928 1750 4248
680161097740095489 821 2523
680145970311643136 1965 3940
680130881361686529 1071 2505
680115823365742593 1025 2957
680100725817409536 1541 3875
680085611152338944 9961 13910
680070545539371008 985 2802
680055455951884288 8017 18179
679877062409191424 721 2144
679862121895714818 699 2669
679854723806179328 1390 3129
679844490799091713 885 2583
679828447187857408 15725 39528
679777920601223168 1268 3367
679736210798047232 910 2292
679729593985699840 928 2354
679722016581222400 536 1806
679530280114372609 2334 5184
679527802031484928 815 2881
679511351870550016 1454 3687
679503373272485890 1663 3466
679475951516934144 721 2288
679462823135686656 21160 34701
679158373988876288 9130 23452
679148763231985668 1155 3012
679132435750195208 1307 3239
679111216690831360 2873 6482
679062614270468097 9237 18621
679047485189439488 772 2454
678991772295516161 1328 2529
678969228704284672 526 1786
678800283649069056 1011 2794
678798276842360832 1342 3788
678774928607469569 1037 3021
678767140346941444 1541 3847
678764513869611008 541 1773
678755239630127104 3719 7771
678740035362037760 1918 4084
678675843183484930 1674 3133
678643457146150913 486 2239
678446151570427904 1777 4337
678424312106393600 2862 5881
678410210315247616 2057 4609
678399652199309312 30758 62124
678396796259975168 472 1721
678389028614488064 468 2031
678380236862578688 1015 2637
678341075375947776 606 1879
678334497360859136 302 1421
678278586130948096 6804 12457
678255464182861824 417 1713
678021115718029313 7107 14928
677918531514703872 460 1471
677895101218201600 2368 5252
677716515794329600 1098 3307
677700003327029250 1612 3674
677698403548192770 360 1325
677687604918272002 946 2669
677673981332312066 1669 3593
677662372920729601 1095 2121
677644091929329666 885 2028
677573743309385728 816 2312
677565715327688705 512 1401
677557565589463040 1312 2650
677547928504967168 4054 7526
677530072887205888 249 1155
677334615166730240 327 1468
677331501395156992 264 1181
677328882937298944 1680 3920
677314812125323265 608 1779
677301033169788928 467 1355
677269281705472000 787 2140
677228873407442944 1826 3822
677187300187611136 1030 2958
676975532580409345 1192 2993
676949632774234114 443 1406
676948236477857792 974 2340
676946864479084545 423 1829
676942428000112642 852 2242
676936541936185344 5484 13729
676897532954456065 812 2417
676864501615042560 801 2275
676821958043033607 17479 24990
676819651066732545 737 1947
676811746707918848 467 1526
676776431406465024 2231 5373
676617503762681856 1100 3119
676613908052996102 218 1171
676606785097199616 488 2026
676603393314578432 438 1267
676588346097852417 893 2517
676582956622721024 311 1298
676575501977128964 1252 2795
676533798876651520 615 2015
676496375194980353 600 1626
676470639084101634 5190 12564
676440007570247681 740 1848
676430933382295552 385 1514
676263575653122048 604 2231
676237365392908289 331 1323
676219687039057920 31766 66758
676215927814406144 654 1874
676191832485810177 1138 2463
676146341966438401 739 2064
676101918813499392 1278 3026
676098748976615425 1607 3257
676089483918516224 477 1422
675898130735476737 649 1765
675891555769696257 970 2284
675888385639251968 1062 2569
675878199931371520 1561 4507
675870721063669760 628 1771
675853064436391936 1445 2905
675845657354215424 991 2461
675822767435051008 589 1644
675820929667219457 258 1130
675798442703122432 3766 11043
675781562965868544 529 1738
675740360753160193 386 1247
675710890956750848 921 2038
675707330206547968 766 2141
675706639471788032 106 689
675534494439489536 468 1940
675531475945709568 427 1265
675522403582218240 312 1112
675517828909424640 503 1402
675501075957489664 6445 18390
675497103322386432 1436 3373
675489971617296384 669 1393
675483430902214656 1074 1977
675432746517426176 626 1617
675372240448454658 557 1831
675362609739206656 260 1130
675354435921575936 18873 35059
675349384339542016 2519 4226
675334060156301312 1424 2990
675166823650848770 1781 3887
675153376133427200 2720 6026
675149409102012420 1870 4016
675147105808306176 273 1019
675146535592706048 344 1290
675145476954566656 1001 2292
675135153782571009 537 1388
675113801096802304 874 2105
675111688094527488 279 1035
675109292475830276 1250 2989
675047298674663426 362 1135
675015141583413248 1325 2904
675006312288268288 251 1048
675003128568291329 514 1660
674999807681908736 1228 2417
674805413498527744 390 931
674800520222154752 947 3214
674793399141146624 1216 2677
674790488185167872 277 1173
674788554665512960 229 864
674781762103414784 1327 2151
674774481756377088 529 1204
674767892831932416 877 1966
674764817387900928 262 846
674754018082705410 486 1454
674752233200820224 515 1574
674743008475090944 602 1502
674739953134403584 431 1190
674737130913071104 102 687
674690135443775488 507 1232
674670581682434048 717 1732
674664755118911488 276 989
674646392044941312 553 1523
674644256330530816 306 1102
674638615994089473 648 1791
674632714662858753 631 1607
674468880899788800 2255 6633
674447403907457024 391 1133
674436901579923456 425 1186
674422304705744896 591 1525
674416750885273600 157 728
674410619106390016 514 1282
674394782723014656 630 1597
674372068062928900 342 918
674318007229923329 566 1505
674291837063053312 6488 15722
674271431610523648 798 1676
674269164442398721 253 954
674265582246694913 931 1752
674262580978937856 498 1383
674255168825880576 614 1568
674082852460433408 185 800
674075285688614912 315 1045
674063288070742018 2433 6726
674053186244734976 1430 3552
674051556661161984 526 1558
674045139690631169 707 1515
674042553264685056 142 767
674038233588723717 450 1168
674036086168010753 239 896
674024893172875264 1348 1909
674019345211760640 338 1203
674014384960745472 708 1668
674008982932058114 388 1288
673956914389192708 1058 2078
673919437611909120 397 1243
673906403526995968 1788 3384
673887867907739649 273 989
673715861853720576 2289 3790
673711475735838725 324 1109
673709992831262724 303 903
673708611235921920 315 1143
673707060090052608 429 1170
673705679337693185 437 1335
673700254269775872 631 1521
673697980713705472 2155 4042
673689733134946305 703 1845
673688752737402881 532 1315
673686845050527744 475 1536
673680198160809984 519 1449
673662677122719744 394 1331
673656262056419329 265 761
673636718965334016 403 1188
673612854080196609 797 1683
673583129559498752 400 1264
673580926094458881 295 875
673576835670777856 609 1471
673363615379013632 337 1081
673359818736984064 727 1546
673355879178194945 648 1598
673352124999274496 593 1749
673350198937153538 227 776
673345638550134785 1413 2677
673343217010679808 288 1028
673342308415348736 645 1352
673320132811366400 8647 14362
673317986296586240 292 919
673295268553605120 3469 7994
673270968295534593 398 1124
673240798075449344 794 1499
673213039743795200 928 2392
673148804208660480 687 1816
672997845381865473 782 2079
672995267319328768 327 1008
672988786805112832 312 1029
672984142909456390 590 1326
672980819271634944 1070 1918
672975131468300288 1009 1798
672970152493887488 386 1013
672968025906282496 596 1393
672964561327235073 695 1515
672902681409806336 545 1440
672898206762672129 458 938
672884426393653248 894 1648
672877615439593473 402 1091
672834301050937345 620 1391
672828477930868736 528 1333
672640509974827008 347 1028
672622327801233409 540 1367
672614745925664768 640 1296
672609152938721280 420 1171
672604026190569472 440 1177
672594978741354496 654 1405
672591762242805761 363 1007
672591271085670400 205 778
672538107540070400 401 1085
672523490734551040 188 688
672488522314567680 480 1182
672482722825261057 660 1211
672481316919734272 136 751
672475084225949696 765 1526
672466075045466113 593 1436
672272411274932228 3654 6850
672267570918129665 663 1583
672264251789176834 380 1206
672256522047614977 1689 2990
672254177670729728 796 1502
672248013293752320 655 1822
672245253877968896 168 726
672239279297454080 343 943
672231046314901505 1084 1945
672222792075620352 230 826
672205392827572224 1259 2401
672169685991993344 401 1069
672160042234327040 392 918
672139350159835138 788 1861
672125275208069120 1242 2558
672095186491711488 394 1059
672082170312290304 396 998
672068090318987265 559 1384
671896809300709376 4487 8948
671891728106971137 608 1406
671882082306625538 1486 3665
671879137494245376 746 1499
671874878652489728 597 1322
671866342182637568 545 1187
671855973984772097 499 972
671789708968640512 3793 7480
671768281401958400 568 1263
671763349865160704 993 1779
671744970634719232 837 1420
671743150407421952 243 773
671735591348891648 814 1526
671729906628341761 4762 9067
671561002136281088 7874 13597
671547767500775424 647 1438
671544874165002241 1138 2113
671542985629241344 612 1159
671538301157904385 434 985
671536543010570240 440 1243
671533943490011136 627 1087
671528761649688577 280 891
671520732782923777 579 1486
671518598289059840 317 1006
671511350426865664 785 1726
671504605491109889 3836 7463
671497587707535361 479 974
671488513339211776 513 1071
671486386088865792 225 616
671485057807351808 252 803
671390180817915904 801 1508
671362598324076544 321 1183
671357843010908160 156 424
671355857343524864 119 503
671347597085433856 470 1023
671186162933985280 238 783
671182547775299584 377 1187
671166507850801152 385 931
671163268581498880 1193 1753
671159727754231808 89 397
671154572044468225 238 766
671151324042559489 165 711
671147085991960577 250 710
671141549288370177 705 1238
671138694582165504 444 990
671134062904504320 212 793
671122204919246848 2747 3707
671115716440031232 832 1424
671109016219725825 476 1217
670995969505435648 315 1168
670842764863651840 9539 25814
670840546554966016 212 627
670838202509447168 750 1180
670833812859932673 134 472
670832455012716544 241 776
670826280409919488 4444 5919
670823764196741120 204 821
670822709593571328 105 645
670815497391357952 1696 3387
670811965569282048 291 1194
670807719151067136 538 1222
670804601705242624 1025 2090
670803562457407488 94 359
670797304698376195 259 776
670792680469889025 297 887
670789397210615808 254 699
670786190031921152 217 637
670783437142401025 427 868
670782429121134593 856 1677
670780561024270336 312 824
670778058496974848 77 345
670764103623966721 460 1144
670755717859713024 121 472
670733412878163972 556 1021
670727704916926465 399 880
670717338665226240 541 1296
670704688707301377 400 807
670691627984359425 262 626
670679630144274432 314 793
670676092097810432 45 263
670668383499735048 5490 11386
670474236058800128 827 1626
670468609693655041 90 371
670465786746662913 603 1036
670452855871037440 223 576
670449342516494336 728 1259
670444955656130560 2138 7095
670442337873600512 211 689
670435821946826752 565 1125
670434127938719744 702 1493
670433248821026816 122 343
670428280563085312 689 1480
670427002554466305 178 547
670421925039075328 700 1407
670420569653809152 337 667
670417414769758208 348 603
670411370698022913 985 2169
670408998013820928 245 596
670403879788544000 173 457
670385711116361728 233 591
670374371102445568 292 784
670361874861563904 71 343
670338931251150849 120 447
670319130621435904 1346 4084
670303360680108032 150 449
670290420111441920 312 749
670093938074779648 362 1103
670086499208155136 274 737
670079681849372674 1359 2375
670073503555706880 866 1667
670069087419133954 275 671
670061506722140161 372 817
670055038660800512 357 713
670046952931721218 191 683
670040295598354432 118 797
670037189829525505 305 621
670003130994700288 100 350
669993076832759809 91 342
669972011175813120 175 469
669970042633789440 65 317
669942763794931712 182 533
669926384437997569 113 398
669923323644657664 62 248
669753178989142016 429 852
669749430875258880 71 287
669683899023405056 118 411
669682095984410625 143 373
669680153564442624 309 708
669661792646373376 477 854
669625907762618368 1951 3752
669603084620980224 396 1004
669597912108789760 163 546
669583744538451968 1010 1581
669573570759163904 156 465
669571471778410496 1075 1679
669567591774625800 61 248
669564461267722241 132 409
669393256313184256 82 384
669375718304980992 784 1421
669371483794317312 195 521
669367896104181761 171 484
669363888236994561 249 664
669359674819481600 134 388
669354382627049472 1382 2875
669353438988365824 279 687
669351434509529089 206 469
669328503091937280 449 1074
669327207240699904 126 608
669324657376567296 222 520
669216679721873412 417 955
669214165781868544 182 467
669203728096960512 518 1071
669037058363662336 333 692
669015743032369152 401 781
669006782128353280 269 606
669000397445533696 6919 22042
668994913074286592 252 463
668992363537309700 379 794
668989615043424256 352 718
668988183816871936 513 957
668986018524233728 182 575
668981893510119424 334 568
668979806671884288 377 836
668975677807423489 635 1381
668960084974809088 262 753
668955713004314625 77 298
668932921458302977 62 282
668902994700836864 107 335
668892474547511297 163 419
668872652652679168 321 559
668852170888998912 178 478
668826086256599040 150 465
668815180734689280 290 608
668779399630725120 403 745
668655139528511488 233 558
668645506898350081 585 952
668643542311546881 573 934
668641109086707712 572 1133
668636665813057536 523 1105
668633411083464705 1773 3008
668631377374486528 346 754
668627278264475648 123 337
668625577880875008 140 416
668623201287675904 846 1540
668620235289837568 45 210
668614819948453888 340 649
668567822092664832 62 262
668544745690562560 248 554
668542336805281792 231 490
668537837512433665 79 265
668528771708952576 241 493
668507509523615744 115 343
668496999348633600 145 434
668484198282485761 250 451
668480044826800133 162 487
668466899341221888 554 935
668297328638447616 318 652
668291999406125056 34 262
668286279830867968 149 531
668274247790391296 248 879
668268907921326080 258 589
668256321989451776 665 1380
668248472370458624 523 1052
668237644992782336 3076 6569
668226093875376128 115 322
668221241640230912 214 534
668204964695683073 206 585
668190681446379520 208 689
668171859951755264 207 521
668154635664932864 335 519
668142349051129856 306 590
668113020489474048 264 706
667937095915278337 859 1349
667924896115245057 119 317
667915453470232577 59 220
667911425562669056 327 521
667902449697558528 395 895
667886921285246976 1174 2004
667885044254572545 524 860
667878741721415682 127 409
667873844930215936 438 662
667866724293877760 1103 3154
667861340749471744 84 253
667832474953625600 68 301
667806454573760512 531 1103
667801013445750784 101 346
667793409583771648 356 732
667782464991965184 259 433
667773195014021121 61 243
667766675769573376 238 475
667728196545200128 161 396
667724302356258817 340 517
667548695664070656 37 185
667548415174144001 34 187
667549055577362432 2443 6098
667546741521195010 137 350
667544320556335104 563 915
667538891197542400 72 218
667534815156183040 572 863
667530908589760512 261 498
667524857454854144 1191 1790
667517642048163840 203 389
667509364010450944 2264 7116
667502640335572993 230 562
667495797102141441 293 559
667491009379606528 237 558
667470559035432960 102 272
667455448082227200 66 202
667453023279554560 96 326
667443425659232256 618 829
667437278097252352 257 479
667435689202614272 88 324
667405339315146752 232 488
667393430834667520 60 210
667369227918143488 171 386
667211855547486208 258 513
667200525029539841 280 654
667192066997374976 115 410
667188689915760640 446 782
667182792070062081 6581 15030
667177989038297088 58 200
667176164155375616 483 638
667174963120574464 87 261
667171260800061440 98 233
667165590075940865 1231 2804
667160273090932737 66 267
667152164079423490 18193 49573
667138269671505920 2367 4824
667119796878725120 134 345
667090893657276420 131 345
667073648344346624 132 422
667065535570550784 50 173
667062181243039745 57 225
667044094246576128 53 197
667012601033924608 237 468
666996132027977728 101 256
666983947667116034 1037 2664
666837028449972224 579 851
666835007768551424 83 221
666826780179869698 104 263
666817836334096384 266 536
666804364988780544 95 249
666786068205871104 519 797
666781792255496192 209 401
666776908487630848 185 365
666739327293083650 70 242
666701168228331520 229 447
666691418707132416 51 195
666649482315059201 605 918
666644823164719104 88 237
666454714377183233 219 541
666447344410484738 23 107
666437273139982337 52 131
666435652385423360 54 171
666430724426358785 202 329
666428276349472768 90 171
666421158376562688 117 325
666418789513326592 48 129
666411507551481857 337 457
666407126856765440 43 113
666396247373291520 91 171
666373753744588802 96 194
666362758909284353 589 800
666353288456101888 76 228
666345417576210432 146 307
666337882303524864 96 203
666293911632134144 365 519
666287406224695296 71 152
666273097616637952 81 183
666268910803644416 37 108
666104133288665088 6822 14690
666102155909144576 15 81
666099513787052032 73 161
666094000022159362 78 167
666082916733198337 47 121
666073100786774016 172 334
666071193221509120 66 154
666063827256086533 229 494
666058600524156928 61 118
666057090499244032 146 304
666055525042405380 261 449
666051853826850816 876 1248
666050758794694657 60 136
666049248165822465 41 111
666044226329800704 146 310
666033412701032449 47 128
666029285002620928 48 132
666020888022790149 530 2523
